29 27
11111011111011111111101011111
10001010000010101010001010001
10111111111110101011101111101
10001000100010101010000010000
10101011111010101011101111101
10100000000000000010001000101
11111110111011101111101011101
00000000001010001000000000101
10111110111111111010101110111
10001010000010001010100010100
10101010101110111110111110101
10100010101000001000100000101
10111110111011111111111111101
10101000001000101010001000101
10101111101011101011101110101
10100000101000001000101000001
10101011101011111110101110111
10001000101000100010001000001
10111011111011111011101110101
10101000100000100000100010101
11101110101110111010101010111
10100010000010100010001010001
10111011101110101111101011111
00000000101010001010001010100
11111111101011111011111110111
10100000100010000010000000100
10101111111111111011111011111